-1.1244311492692198
1.3579981031955481
-0.8064303688651953
-0.18114831184945984
-0.973420276842144
-0.5601607424366175
-0.0714338598420648
0.26298365247437394
0.6133296494020966
-1.9888680456060213
0.01634684981784294
-1.0256834912396358
0.7380146158164101
-0.8909883658008609
0.10594661219129824
-0.43635478344573964
-0.7385940865875257
0.4195495870410708
-0.547430858287199
1.4625118874724767
0.4425921136444797
1.5618862904287645
0.9968582897308816
-0.1315327809718057
0.1357399433309231
-0.14150813684915067
0.035666828246954975
1.4912064176213868
-0.32143351277621984
-0.5862171060324267
-0.8067343563552426
1.4511893416863877
-0.09146273233916574
-1.1871062299272164
1.1324592319822524
0.5160200980065937
-1.6766665074745664
-0.3355316097527502
0.6259451000531131
-0.11639217739339879
-0.36755424321114033
0.15879608207024956
-0.5903666766665316
0.42539811704802044
-0.17322372191709542
-1.1837185085929078
1.158909164086934
0.19903549235834672
-0.5507363476761895
0.5363196080767976
0.7084927034043037
1.3122543592703333
0.5847638352686564
1.167664943640267
-0.20603913415035388
-0.44603294828526985
0.25289794282721517
-1.6209940441809203
-1.19148284400303
1.7102054815334302
